Data File: yeast
Query file: yeast_400n
LIMIT: 100000
0 1.58135 4.91066 1138 184320 0
1 0.52926 3.11482 554 1.05062e+06 0
2 0.387385 4.12877 372 2.12337e+07 0
3 0.304801 3.06448 367 1.17965e+06 0
4 0.409444 3.94269 409 393216 0
5 7499.82 7502.73 6380236 129600 0
6 0.714807 3.41855 720 124416 0
7 0.427814 4.34684 381 1.24416e+06 0
8 0.619879 3.72691 660 302400 0
9 0.289419 4.02583 382 165888 0
10 6.27136 9.96294 6374 1.4256e+06 0
11 0.479966 2.85296 576 207360 0
12 14.1376 16.6604 9830 1.6128e+06 0
13 0.341726 3.64353 403 5.97197e+06 0
14 0.494212 3.33542 547 111132 0
15 169.967 172.939 155944 248064 0
16 0.626741 3.29563 646 7.7616e+08 0
17 0.650183 3.56089 712 414720 0
18 120111 120114 46334341 0 1
19 1.12335 4.24362 1071 202176 0
20 1.7272 4.2475 1478 134400 0
21 120160 120163 61978033 0 1
22 1451.06 1455.14 147049 3.64954e+07 0
23 0.388565 3.45648 417 258048 0
24 0.930835 3.60106 871 1.11974e+07 0
25 0.989969 3.26181 1197 2.65421e+06 0
26 3.13471 5.5441 3358 2.45146e+06 0
27 120127 120129 58784783 0 1
28 0.371706 3.431 461 5.8752e+06 0
29 0.337269 3.37563 440 145800 0
30 0.335015 3.65863 441 761856 0
31 120082 120086 54586174 0 1
32 0.474158 4.30062 530 1.48176e+07 0
33 0.59194 3.60683 390 138240 0
34 0.569734 5.54045 380 296352 0
35 18.6682 22.2922 19712 1.79159e+07 0
36 1.12588 4.14273 1184 4.3776e+06 0
37 17.7285 20.1484 19499 184320 0
38 5.23108 7.75278 1956 451584 0
39 0.290008 4.07397 374 186048 0
40 0.367246 3.77638 394 103680 0
41 0.432242 2.97038 510 172800 0
42 0.254635 3.24772 351 397440 0
43 12720.9 12723.5 8552109 7.07888e+11 0
44 0.325143 4.00205 450 2.9376e+07 0
45 2.62352 5.10706 2983 1.86624e+06 0
46 10216.7 10219.9 8699697 5.168e+06 0
47 0.480874 4.04306 383 105120 0
48 1.38059 3.81713 1550 1.8432e+06 0
49 0.354174 3.38675 378 282240 0
50 120093 120097 20426021 0 1
51 0.660137 3.34575 804 331776 0
52 0.447184 2.93922 461 259200 0
53 0.29254 3.91411 373 839808 0
54 0.340815 3.66355 427 118080 0
55 26.8849 29.4814 7616 140800 0
56 0.339664 3.00539 463 5.8212e+06 0
57 0.262365 2.93353 376 192000 0
58 0.464415 4.19032 375 1.42249e+09 0
59 0.322266 3.97549 431 1.29548e+08 0
60 0.273384 3.26613 390 1.47744e+08 0
61 6.14266 8.46691 6461 497664 0
62 0.468685 3.09649 596 367200 0
63 120124 120127 26876776 0 1
64 0.993828 3.28178 1056 933120 0
65 120108 120111 94015970 0 1
66 0.386181 4.39179 446 2.16e+07 0
67 1.39004 4.15651 1378 2.1289e+06 0
68 2.62779 5.1065 2703 1.52064e+06 0
69 0.693758 3.73472 851 2.09715e+07 0
70 0.410835 3.46901 540 133056 0
71 5163.87 5166.46 5583038 1.0368e+06 0
72 0.375175 3.45071 378 202752 0
73 120085 120088 101782548 0 1
74 0.298953 4.12538 369 3.6288e+06 0
75 2.47798 5.14664 2761 8.77363e+07 0
76 0.358864 4.04879 366 860160 0
77 0.381503 3.97671 399 7.41636e+07 0
78 120095 120099 18357419 0 1
79 0.312238 3.3236 388 466560 0
80 0.369212 3.43091 487 322560 0
81 0.442296 3.71546 561 8.08315e+07 0
82 501.198 503.995 485576 116640 0
83 120090 120092 47532084 0 1
84 1.39709 3.88144 1154 933120 0
85 0.323135 3.65247 406 1.57248e+06 0
86 0.563812 3.93262 566 806400 0
87 89963 89965.8 59859732 133920 0
88 120155 120158 46014201 0 1
89 0.967 3.36033 827 780300 0
90 2.30924 4.99445 2459 138240 0
91 0.443011 4.04735 546 1.99584e+06 0
92 120146 120148 27612513 0 1
93 0.354387 3.23332 436 217056 0
94 0.322333 4.54525 377 153600 0
95 0.446975 3.4315 501 226800 0
96 0.709979 3.59032 860 4.26747e+07 0
97 9.23691 11.8365 9243 224000 0
98 0.290698 4.15261 376 107520 0
99 0.317071 4.19969 395 221760 0
Average Search Time Per Query: 1452.7400 ms
Average Elapsed Time Per Query: 1455.8174 ms
Average #Recursive Calls: 1022702.4091
Total Number of Found Matches: 710,893,366,048
#Solved Queries: 88
