Data File: yeast
Query file: yeast_400n
LIMIT: 100000
0 1.46528 4.33011 1138 184320 0
1 0.587992 3.10506 554 1.05062e+06 0
2 0.357146 4.14778 372 2.12337e+07 0
3 0.352646 3.12887 367 1.17965e+06 0
4 0.591457 5.26454 409 393216 0
5 6870.36 6874.29 6380236 129600 0
6 0.718557 3.2068 720 124416 0
7 0.302149 3.87741 381 1.24416e+06 0
8 0.677801 3.47505 660 302400 0
9 0.292879 3.7674 382 165888 0
10 6.06913 8.58073 6374 1.4256e+06 0
11 0.444004 2.8138 576 207360 0
12 11.8117 14.0625 9830 1.6128e+06 0
13 0.328873 3.5066 403 5.97197e+06 0
14 0.489004 3.51977 547 111132 0
15 153.437 156.432 155944 248064 0
16 0.524321 3.43089 646 7.7616e+08 0
17 0.668526 3.39582 712 414720 0
18 120102 120105 48376520 0 1
19 1.17281 4.16168 1071 202176 0
20 1.68001 4.46724 1478 134400 0
21 120230 120233 56957706 0 1
22 1519.58 1523.81 147049 3.64954e+07 0
23 0.328169 3.41237 417 258048 0
24 1.15311 4.11397 871 1.11974e+07 0
25 1.01841 3.35698 1197 2.65421e+06 0
26 3.60303 6.02996 3358 2.45146e+06 0
27 120148 120150 53877226 0 1
28 0.371303 3.37826 461 5.8752e+06 0
29 0.336718 3.27893 440 145800 0
30 0.558398 4.46432 441 761856 0
31 120136 120140 52469455 0 1
32 0.466521 4.1604 530 1.48176e+07 0
33 0.290943 3.2432 390 138240 0
34 0.298607 3.93287 380 296352 0
35 19.0757 21.5115 19712 1.79159e+07 0
36 1.12244 4.11465 1184 4.3776e+06 0
37 17.3802 19.8278 19499 184320 0
38 5.22387 7.94551 1956 451584 0
39 0.290904 4.11575 374 186048 0
40 0.357093 3.59665 394 103680 0
41 0.377106 2.70799 510 172800 0
42 0.256664 3.21807 351 397440 0
43 13006.8 13009.4 8552109 7.07888e+11 0
44 0.348543 3.18583 450 2.9376e+07 0
45 2.92434 5.44244 2983 1.86624e+06 0
46 10295.5 10298.7 8699697 5.168e+06 0
47 0.292971 3.77391 383 105120 0
48 1.42961 3.75089 1550 1.8432e+06 0
49 0.268046 3.46434 378 282240 0
50 120218 120221 19429455 0 1
51 0.712804 3.43511 804 331776 0
52 0.343723 3.16779 461 259200 0
53 0.381994 4.20849 373 839808 0
54 0.34851 4.01834 427 118080 0
55 28.5122 31.0294 7616 140800 0
56 0.423254 3.5952 463 5.8212e+06 0
57 0.274197 3.23857 376 192000 0
58 0.30795 4.24292 375 1.42249e+09 0
59 0.3458 3.97946 431 1.29548e+08 0
60 0.314228 3.3919 390 1.47744e+08 0
61 6.20763 8.61013 6461 497664 0
62 0.830022 3.47819 596 367200 0
63 120283 120287 24530332 0 1
64 0.95764 3.33503 1056 933120 0
65 120256 120259 86167445 0 1
66 0.45747 4.24104 446 2.16e+07 0
67 1.13021 4.25352 1378 2.1289e+06 0
68 2.60817 5.17871 2703 1.52064e+06 0
69 0.787144 3.63128 851 2.09715e+07 0
70 0.522456 3.30363 540 133056 0
71 5317.52 5320.07 5583038 1.0368e+06 0
72 0.388146 3.41804 378 202752 0
