Data File: yeast
Query file: yeast_400n
LIMIT: 100000
0 0.73973 6.12817 363 184320 0
1 0.98342 4.21457 808 1.40083e+06 0
2 0.534039 4.94677 366 2.12337e+07 0
3 0.675079 3.92939 494 1.17965e+06 0
4 0.455009 4.25417 371 393216 0
5 192.96 196.011 142111 144000 0
6 5.07471 8.07215 4068 124416 0
7 0.524765 4.78379 373 1.34784e+06 0
8 0.892383 4.43786 816 604800 0
9 0.51752 4.38287 369 165888 0
10 1.62023 4.45178 1417 1.4256e+06 0
11 0.759464 3.53853 679 207360 0
12 120094 120097 75644750 0 1
13 0.418948 4.14532 365 8.95795e+06 0
14 0.865375 4.63844 696 111132 0
15 64.5418 69.0982 33602 352512 0
16 3.56388 7.17015 2819 7.7616e+08 0
17 1.32087 4.51242 1228 414720 0
18 120049 120053 77337528 0 1
19 0.419299 3.79935 375 202176 0
20 0.884803 3.78986 813 134400 0
21 0.935904 3.65583 923 172800 0
22 1.29096 5.41487 893 3.64954e+07 0
23 120031 120034 60691602 0 1
24 0.787828 3.84852 593 1.8144e+07 0
25 0.628322 3.64326 526 2.98598e+06 0
26 1.25072 4.32101 1201 2.45146e+06 0
27 3.48937 6.7255 2000 153600 0
28 0.493419 4.24948 436 5.8752e+06 0
29 0.413833 3.76452 377 174960 0
30 0.468913 4.13455 377 208896 0
31 120082 120087 46172270 0 1
32 0.513566 5.56153 387 1.48176e+07 0
33 0.575986 6.09824 382 276480 0
34 1.12582 5.86393 442 296352 0
35 2.47478 7.47223 1813 207360 0
36 0.710794 6.17278 507 4.3776e+06 0
37 1.11971 5.38665 522 184320 0
38 19.6254 25.9297 8956 451584 0
39 0.534268 10.6772 394 279072 0
40 0.571476 9.3443 384 103680 0
41 4.90921 7.8633 757 777600 0
42 0.495053 8.08796 378 414720 0
43 0.669409 5.33751 526 7.86542e+11 0
44 4.72581 8.00949 573 2.9376e+07 0
45 54.1052 57.0865 10167 1.86624e+06 0
46 57.8725 62.508 42873 8.7552e+06 0
47 0.662765 5.22869 380 105120 0
48 0.671131 4.24873 648 1.8432e+06 0
49 0.670944 4.6787 378 282240 0
50 120066 120071 56156858 0 1
51 0.794527 5.39609 679 331776 0
52 0.549499 8.57143 471 259200 0
53 0.584949 9.33442 391 839808 0
54 0.57935 8.70737 446 147600 0
55 3.49954 6.77706 372 140800 0
56 0.567496 15.2371 460 1.056e+06 0
57 0.589046 3.80104 512 192000 0
58 0.919198 17.6486 375 1.42249e+09 0
59 4.47368 13.4647 379 1.29548e+08 0
60 0.442007 7.86718 371 1.47744e+08 0
61 120086 120090 48645619 0 1
62 0.614118 3.73529 553 347760 0
63 4.3289 8.53858 2253 9.58003e+06 0
64 1.26467 3.7888 1049 933120 0
65 120074 120077 62396933 0 1
66 0.548455 4.67415 375 2.16e+07 0
67 1.38708 6.29728 1224 2.1289e+06 0
68 0.373106 3.57989 372 1.01376e+06 0
69 0.57336 4.20094 470 2.09715e+07 0
70 0.404287 3.61192 376 133056 0
71 120081 120084 54102382 0 1
72 0.545977 4.12402 433 202752 0
73 120096 120101 28616571 0 1
74 6.5902 14.3662 369 3.6288e+06 0
75 4.35461 7.80618 556 8.77363e+07 0
76 0.533836 6.83546 377 860160 0
77 0.495641 4.88433 378 8.89963e+07 0
78 120093 120102 44817902 0 1
79 0.406537 3.65673 386 466560 0
80 0.491484 3.87925 388 322560 0
81 0.471509 4.05775 415 9.23789e+07 0
82 2.12472 5.26396 1675 116640 0
83 120053 120056 39814692 0 1
84 10735.6 10739 2720066 829440 0
85 8.11179 11.8855 822 1.6848e+06 0
86 0.527168 6.41394 395 756000 0
87 120093 120097 44278844 0 1
88 120087 120096 43803998 0 1
89 1.59538 4.92221 1465 780300 0
90 0.417654 3.42821 375 161280 0
91 0.497475 4.31275 375 399168 0
92 0.7013 4.32086 660 259200 0
93 0.428118 3.42042 380 140448 0
94 0.485898 4.67754 377 153600 0
95 0.568662 3.90659 467 315900 0
96 0.707672 4.13938 619 3.79331e+07 0
97 0.536098 3.387 456 224000 0
98 0.44685 4.52644 376 107520 0
99 0.469258 4.52066 400 237600 0
Average Search Time Per Query: 129.0711 ms
Average Elapsed Time Per Query: 133.6158 ms
Average #Recursive Calls: 34635.2184
Total Number of Found Matches: 789,566,369,492
#Solved Queries: 87
